<?xml version="1.0"?>
<opencv_storage>
<mtx type_id="opencv-matrix">
  <rows>3</rows>
  <cols>3</cols>
  <dt>d</dt>
  <data>
    7.9694786152098152e+02 0. 4.1935066254956536e+02 0.
    7.9676993198794378e+02 2.7593173413030485e+02 0. 0. 1.</data></mtx>
<dist type_id="opencv-matrix">
  <rows>1</rows>
  <cols>5</cols>
  <dt>d</dt>
  <data>
    9.5057161188805209e-02 -1.7670710582027946e-02
    -7.5115881333602478e-03 -4.5502520855889000e-03
    -8.3113573154401832e-01</data></dist>
<newCameraMTX type_id="opencv-matrix">
  <rows>3</rows>
  <cols>3</cols>
  <dt>d</dt>
  <data>
    7.5530523681640625e+02 0. 4.2265309533359323e+02 0.
    7.6490136718750000e+02 2.6462679759488674e+02 0. 0. 1.</data></newCameraMTX>
</opencv_storage>
