<?xml version="1.0"?>
<opencv_storage>
<mtx type_id="opencv-matrix">
  <rows>3</rows>
  <cols>3</cols>
  <dt>d</dt>
  <data>
    4.9363328565319387e+02 0. 3.1254399372952503e+02 0.
    4.9354509808188806e+02 3.0297575002596653e+02 0. 0. 1.</data></mtx>
<dist type_id="opencv-matrix">
  <rows>1</rows>
  <cols>5</cols>
  <dt>d</dt>
  <data>
    -3.1114674339018555e-01 2.3686359179932091e-02
    1.8591290473665137e-03 1.0053100611902954e-03 1.0778607051222941e-01</data></dist>
<newCameraMTX type_id="opencv-matrix">
  <rows>3</rows>
  <cols>3</cols>
  <dt>d</dt>
  <data>
    4.0289376831054688e+02 0. 3.1380969257353718e+02 0.
    4.0371643066406250e+02 3.0540592346795165e+02 0. 0. 1.</data></newCameraMTX>
</opencv_storage>
