<?xml version="1.0"?>
<opencv_storage>
<mtx type_id="opencv-matrix">
  <rows>3</rows>
  <cols>3</cols>
  <dt>d</dt>
  <data>
    4.9019203082115615e+02 0. 3.1271773817172135e+02 0.
    4.9002999604731542e+02 3.1653599154647208e+02 0. 0. 1.</data></mtx>
<dist type_id="opencv-matrix">
  <rows>1</rows>
  <cols>5</cols>
  <dt>d</dt>
  <data>
    -3.4410279037690672e-01 1.7730393773468897e-01
    1.4540623980868368e-03 -9.7670820236147736e-04
    -5.6058987905657366e-02</data></dist>
<newCameraMTX type_id="opencv-matrix">
  <rows>3</rows>
  <cols>3</cols>
  <dt>d</dt>
  <data>
    4.1459979248046875e+02 0. 3.0886466432275120e+02 0.
    4.1465737915039063e+02 3.1698906549791354e+02 0. 0. 1.</data></newCameraMTX>
<roi type_id="opencv-matrix">
  <rows>4</rows>
  <cols>1</cols>
  <dt>d</dt>
  <data>
    0. 0. 640. 640.</data></roi>
</opencv_storage>
