<?xml version="1.0"?>
<opencv_storage>
<mtx type_id="opencv-matrix">
  <rows>3</rows>
  <cols>3</cols>
  <dt>d</dt>
  <data>
    4.7028184332708122e+02 0. 3.2862924134041236e+02 0.
    4.6767509298434470e+02 2.2625904855353562e+02 0. 0. 1.</data></mtx>
<dist type_id="opencv-matrix">
  <rows>1</rows>
  <cols>5</cols>
  <dt>d</dt>
  <data>
    9.8082395693974200e-02 -3.6592996141711337e-01
    -6.0743557588274254e-03 -2.0838066150713147e-03
    2.7449231758494125e-01</data></dist>
<newCameraMTX type_id="opencv-matrix">
  <rows>3</rows>
  <cols>3</cols>
  <dt>d</dt>
  <data>
    4.5988607788085938e+02 0. 3.2676328570024816e+02 0.
    4.5815057373046875e+02 2.2268424101180608e+02 0. 0. 1.</data></newCameraMTX>
</opencv_storage>
