<?xml version="1.0"?>
<opencv_storage>
<mtx type_id="opencv-matrix">
  <rows>3</rows>
  <cols>3</cols>
  <dt>d</dt>
  <data>
    5.1456446987888212e+03 0. 3.1414574317136237e+02 0.
    6.9904929218741554e+03 2.5934391518333609e+02 0. 0. 1.</data></mtx>
<dist type_id="opencv-matrix">
  <rows>1</rows>
  <cols>5</cols>
  <dt>d</dt>
  <data>
    -4.5851554945789694e+01 2.4037372144360284e+03
    -1.3547434579962558e-01 -1.1793363131304518e-01
    2.3997676795244672e+01</data></dist>
<newCameraMTX type_id="opencv-matrix">
  <rows>3</rows>
  <cols>3</cols>
  <dt>d</dt>
  <data>
    4.1708447265625000e+03 0. 2.9801665479710209e+02 0.
    6.0540292968750000e+03 2.3610563639746397e+02 0. 0. 1.</data></newCameraMTX>
</opencv_storage>
