<?xml version="1.0"?>
<opencv_storage>
<mtx type_id="opencv-matrix">
  <rows>3</rows>
  <cols>3</cols>
  <dt>d</dt>
  <data>
    4.9648065566994381e+02 0. 3.1006959092708786e+02 0.
    4.9699625860366632e+02 3.0879142848464124e+02 0. 0. 1.</data></mtx>
<dist type_id="opencv-matrix">
  <rows>1</rows>
  <cols>5</cols>
  <dt>d</dt>
  <data>
    -3.4748337933753781e-01 1.7543254314775641e-01
    1.1917211258070568e-03 1.3069156711429095e-03
    -6.0345362845836865e-02</data></dist>
<newCameraMTX type_id="opencv-matrix">
  <rows>3</rows>
  <cols>3</cols>
  <dt>d</dt>
  <data>
    1.5310137939453125e+02 0. 4.9424599140395003e+02 0.
    1.4648352050781250e+02 1.9248982480178529e+02 0. 0. 1.</data></newCameraMTX>
</opencv_storage>
