<?xml version="1.0"?>
<opencv_storage>
<mtx type_id="opencv-matrix">
  <rows>3</rows>
  <cols>3</cols>
  <dt>d</dt>
  <data>
    8.0707587999252837e+02 0. 4.1100944205276494e+02 0.
    7.9161172313371924e+02 2.6866331519090340e+02 0. 0. 1.</data></mtx>
<dist type_id="opencv-matrix">
  <rows>1</rows>
  <cols>5</cols>
  <dt>d</dt>
  <data>
    8.2408997911870618e-02 3.4662761170337586e-01 5.4594441157680218e-03
    -5.3576996067531864e-03 -2.9097177276839261e+00</data></dist>
<newCameraMTX type_id="opencv-matrix">
  <rows>3</rows>
  <cols>3</cols>
  <dt>d</dt>
  <data>
    5.0485327148437500e+02 0. 3.8278817093574617e+02 0.
    5.6391064453125000e+02 3.2908896666261717e+02 0. 0. 1.</data></newCameraMTX>
</opencv_storage>
