<?xml version="1.0"?>
<opencv_storage>
<mtx type_id="opencv-matrix">
  <rows>3</rows>
  <cols>3</cols>
  <dt>d</dt>
  <data>
    7.8380526313903840e+02 0. 4.1948633743921300e+02 0.
    7.8238144553965037e+02 2.7339943109981340e+02 0. 0. 1.</data></mtx>
<dist type_id="opencv-matrix">
  <rows>1</rows>
  <cols>5</cols>
  <dt>d</dt>
  <data>
    1.2512078268527527e-01 -2.4889776551505130e-01
    -5.6328818910968189e-03 -2.3899782361589588e-03
    -2.6964273471769684e-01</data></dist>
<newCameraMTX type_id="opencv-matrix">
  <rows>3</rows>
  <cols>3</cols>
  <dt>d</dt>
  <data>
    7.6213610839843750e+02 0. 4.2123602126083279e+02 0.
    7.6644543457031250e+02 2.6664223476009647e+02 0. 0. 1.</data></newCameraMTX>
</opencv_storage>
