<?xml version="1.0"?>
<opencv_storage>
<mtx type_id="opencv-matrix">
  <rows>3</rows>
  <cols>3</cols>
  <dt>d</dt>
  <data>
    4.9360675701428960e+02 0. 3.0903321962740307e+02 0.
    4.9310527212416355e+02 3.0742127240095465e+02 0. 0. 1.</data></mtx>
<dist type_id="opencv-matrix">
  <rows>1</rows>
  <cols>5</cols>
  <dt>d</dt>
  <data>
    -3.3100043864380291e-01 1.3107430250896690e-01
    1.3339750508828245e-03 1.0060890003942473e-03
    -2.3577665606854706e-02</data></dist>
<newCameraMTX type_id="opencv-matrix">
  <rows>3</rows>
  <cols>3</cols>
  <dt>d</dt>
  <data>
    3.4330007934570313e+02 0. 3.0756815154813739e+02 0.
    3.4301257324218750e+02 3.0618698687564756e+02 0. 0. 1.</data></newCameraMTX>
</opencv_storage>
